0.0000 3.000000
0.0031 3.001554
0.0063 3.003092
0.0094 3.004613
0.0125 3.006117
0.0156 3.007605
0.0187 3.009075
0.0219 3.010530
0.0250 3.011967
0.0281 3.013388
0.0312 3.014791
0.0344 3.016180
0.0375 3.017549
0.0406 3.018904
0.0438 3.020240
0.0469 3.021562
0.0500 3.022863
0.0531 3.024153
0.0563 3.025420
0.0594 3.026677
0.0625 3.027909
0.0656 3.029133
0.0688 3.030331
0.0719 3.031523
0.0750 3.032686
0.0781 3.033845
0.0813 3.034974
0.0844 3.036100
0.0875 3.037195
0.0906 3.038288
0.0938 3.039348
0.0969 3.040409
0.1000 3.041434
0.1031 3.042463
0.1063 3.043452
0.1094 3.044449
0.1125 3.045403
0.1156 3.046368
0.1188 3.047287
0.1219 3.048220
0.1250 3.049104
0.1281 3.050005
0.1313 3.050854
0.1344 3.051722
0.1375 3.052536
0.1406 3.053372
0.1437 3.054151
0.1469 3.054956
0.1500 3.055699
0.1531 3.056472
0.1562 3.057179
0.1594 3.057921
0.1625 3.058593
0.1656 3.059303
0.1687 3.059940
0.1719 3.060619
0.1750 3.061220
0.1781 3.061867
0.1812 3.062433
0.1844 3.063049
0.1875 3.063579
0.1906 3.064165
0.1937 3.064659
0.1969 3.065213
0.2000 3.065672
0.2031 3.066196
0.2062 3.066618
0.2094 3.067112
0.2125 3.067498
0.2156 3.067961
0.2187 3.068313
0.2219 3.068745
0.2250 3.069061
0.2281 3.069463
0.2312 3.069743
0.2344 3.070115
0.2375 3.070360
0.2406 3.070715
0.2437 3.070964
0.2469 3.071342
0.2500 3.071609
0.2531 3.071996
0.2562 3.072277
0.2594 3.072677
0.2625 3.072985
0.2656 3.073398
0.2687 3.073706
0.2719 3.074131
0.2750 3.074459
0.2781 3.074906
0.2812 3.075253
0.2844 3.075706
0.2875 3.076068
0.2906 3.076533
0.2937 3.076906
0.2969 3.077386
0.3000 3.077766
0.3031 3.078266
0.3062 3.078667
0.3094 3.079171
0.3125 3.079590
0.3156 3.080104
0.3187 3.080525
0.3219 3.081050
0.3250 3.081494
0.3281 3.082037
0.3312 3.082493
0.3344 3.083036
0.3375 3.083506
0.3406 3.084062
0.3437 3.084542
0.3469 3.085116
0.3500 3.085610
0.3531 3.086183
0.3562 3.086692
0.3594 3.087278
0.3625 3.087797
0.3656 3.088402
0.3687 3.088936
0.3719 3.089538
0.3750 3.090088
0.3781 3.090703
0.3812 3.091265
0.3844 3.091882
0.3875 3.092445
0.3906 3.093090
0.3937 3.093660
0.3969 3.094312
0.4000 3.094901
0.4031 3.095549
0.4062 3.096156
0.4094 3.096816
0.4125 3.097436
0.4156 3.098098
0.4187 3.098721
0.4219 3.099395
0.4250 3.100032
0.4281 3.100707
0.4312 3.101348
0.4344 3.102052
0.4375 3.102702
0.4406 3.103411
0.4437 3.104060
0.4469 3.104787
0.4500 3.105446
0.4531 3.106178
0.4562 3.106837
0.4594 3.107586
0.4625 3.108256
0.4656 3.109010
0.4687 3.109681
0.4719 3.110450
0.4750 3.111134
0.4781 3.111908
0.4812 3.112593
0.4844 3.113382
0.4875 3.114081
0.4906 3.114874
0.4937 3.115574
0.4969 3.116365
0.5000 3.117086
0.5031 3.117874
0.5062 3.118603
0.5094 3.119401
0.5125 3.120127
0.5156 3.120947
0.5187 3.121682
0.5219 3.122511
0.5250 3.123231
0.5281 3.124075
0.5312 3.124812
0.5344 3.125659
0.5375 3.126399
0.5406 3.127242
0.5437 3.128005
0.5469 3.128845
0.5500 3.129619
0.5531 3.130468
0.5562 3.131227
0.5594 3.132091
0.5625 3.132868
0.5656 3.133735
0.5687 3.134516
0.5719 3.135379
0.5750 3.136159
0.5781 3.137044
0.5812 3.137823
0.5844 3.138710
0.5875 3.139495
0.5906 3.140397
0.5938 3.141175
0.5969 3.142085
0.6000 3.142877
0.6031 3.143795
0.6063 3.144573
0.6094 3.145506
0.6125 3.146304
0.6156 3.147218
0.6188 3.148031
0.6219 3.148952
0.6250 3.149752
0.6281 3.150688
0.6313 3.151509
0.6344 3.152426
0.6375 3.153261
0.6406 3.154186
0.6438 3.155008
0.6469 3.155949
0.6500 3.156765
0.6531 3.157713
0.6563 3.158544
0.6594 3.159500
0.6625 3.160319
0.6656 3.161269
0.6688 3.162090
0.6719 3.163061
0.6750 3.163884
0.6781 3.164856
0.6813 3.165688
0.6844 3.166653
0.6875 3.167488
0.6906 3.168474
0.6938 3.169311
0.6969 3.170276
0.7000 3.171130
0.7031 3.172102
0.7063 3.172945
0.7094 3.173910
0.7125 3.174756
0.7156 3.175743
0.7188 3.176592
0.7219 3.177579
0.7250 3.178438
0.7281 3.179418
0.7313 3.180265
0.7344 3.181260
0.7375 3.182103
0.7406 3.183105
0.7438 3.183953
0.7469 3.184954
0.7500 3.185813
0.7531 3.186806
0.7563 3.187654
0.7594 3.188662
0.7625 3.189506
0.7656 3.190521
0.7688 3.191370
0.7719 3.192384
0.7750 3.193246
0.7781 3.194251
0.7813 3.195102
0.7844 3.196122
0.7875 3.196970
0.7906 3.197997
0.7938 3.198850
0.7969 3.199875
0.8000 3.200741
0.8031 3.201758
0.8063 3.202614
0.8094 3.203621
0.8125 3.204483
0.8156 3.205513
0.8188 3.206348
0.8219 3.207385
0.8250 3.208242
0.8281 3.209285
0.8313 3.210132
0.8344 3.211165
0.8375 3.212003
0.8406 3.213051
0.8438 3.213887
0.8469 3.214940
0.8500 3.215784
0.8531 3.216811
0.8563 3.217677
0.8594 3.218711
0.8625 3.219567
0.8656 3.220591
0.8688 3.221428
0.8719 3.222466
0.8750 3.223327
0.8781 3.224337
0.8813 3.225207
0.8844 3.226211
0.8875 3.227073
0.8906 3.228085
0.8938 3.228951
0.8969 3.229958
0.9000 3.230815
0.9031 3.231831
0.9063 3.232691
0.9094 3.233702
0.9125 3.234554
0.9156 3.235573
0.9188 3.236428
0.9219 3.237443
0.9250 3.238288
0.9281 3.239312
0.9313 3.240160
0.9344 3.241180
0.9375 3.242018
0.9406 3.243046
0.9438 3.243888
0.9469 3.244912
0.9500 3.245743
0.9531 3.246776
0.9563 3.247610
0.9594 3.248639
0.9625 3.249462
0.9656 3.250501
0.9688 3.251326
0.9719 3.252361
0.9750 3.253176
0.9781 3.254220
0.9813 3.255037
0.9844 3.256078
0.9875 3.256883
0.9906 3.257934
0.9938 3.258741
0.9969 3.259788
