0.000000 3.000000
0.003125 3.001246
0.006250 3.002477
0.009375 3.003692
0.012500 3.004893
0.015625 3.006079
0.018750 3.007251
0.021875 3.008410
0.025000 3.009556
0.028125 3.010689
0.031250 3.011810
0.034375 3.012919
0.037500 3.014017
0.040625 3.015103
0.043750 3.016179
0.046875 3.017245
0.050000 3.018301
0.053125 3.019348
0.056250 3.020385
0.059375 3.021415
0.062500 3.022436
0.065625 3.023449
0.068750 3.024455
0.071875 3.025455
0.075000 3.026448
0.078125 3.027435
0.081250 3.028416
0.084375 3.029392
0.087500 3.030363
0.090625 3.031330
0.093750 3.032294
0.096875 3.033253
0.100000 3.034210
0.103125 3.035163
0.106250 3.036115
0.109375 3.037065
0.112500 3.038013
0.115625 3.038960
0.118750 3.039907
0.121875 3.040853
0.125000 3.041800
0.128125 3.042747
0.131250 3.043695
0.134375 3.044645
0.137500 3.045597
0.140625 3.046551
0.143750 3.047508
0.146875 3.048468
0.150000 3.049431
0.153125 3.050399
0.156250 3.051371
0.159375 3.052347
0.162500 3.053329
0.165625 3.054317
0.168750 3.055311
0.171875 3.056311
0.175000 3.057318
0.178125 3.058332
0.181250 3.059354
0.184375 3.060384
0.187500 3.061423
0.190625 3.062470
0.193750 3.063528
0.196875 3.064594
0.200000 3.065672
0.203125 3.065897
0.206250 3.066133
0.209375 3.066379
0.212500 3.066635
0.215625 3.066902
0.218750 3.067178
0.221875 3.067464
0.225000 3.067759
0.228125 3.068064
0.231250 3.068378
0.234375 3.068702
0.237500 3.069034
0.240625 3.069375
0.243750 3.069725
0.246875 3.070083
0.250000 3.070450
0.253125 3.070825
0.256250 3.071208
0.259375 3.071599
0.262500 3.071997
0.265625 3.072404
0.268750 3.072817
0.271875 3.073238
0.275000 3.073666
0.278125 3.074101
0.281250 3.074543
0.284375 3.074992
0.287500 3.075447
0.290625 3.075908
0.293750 3.076376
0.296875 3.076850
0.300000 3.077330
0.303125 3.077815
0.306250 3.078306
0.309375 3.078803
0.312500 3.079305
0.315625 3.079812
0.318750 3.080324
0.321875 3.080841
0.325000 3.081363
0.328125 3.081889
0.331250 3.082419
0.334375 3.082954
0.337500 3.083493
0.340625 3.084036
0.343750 3.084583
0.346875 3.085133
0.350000 3.085687
0.353125 3.086245
0.356250 3.086805
0.359375 3.087368
0.362500 3.087935
0.365625 3.088504
0.368750 3.089076
0.371875 3.089650
0.375000 3.090226
0.378125 3.090805
0.381250 3.091385
0.384375 3.091967
0.387500 3.092551
0.390625 3.093137
0.393750 3.093724
0.396875 3.094312
0.400000 3.094901
0.403125 3.095629
0.406250 3.096359
0.409375 3.097089
0.412500 3.097820
0.415625 3.098552
0.418750 3.099285
0.421875 3.100019
0.425000 3.100753
0.428125 3.101488
0.431250 3.102225
0.434375 3.102962
0.437500 3.103699
0.440625 3.104438
0.443750 3.105177
0.446875 3.105917
0.450000 3.106658
0.453125 3.107400
0.456250 3.108142
0.459375 3.108885
0.462500 3.109628
0.465625 3.110373
0.468750 3.111118
0.471875 3.111863
0.475000 3.112610
0.478125 3.113357
0.481250 3.114105
0.484375 3.114853
0.487500 3.115602
0.490625 3.116351
0.493750 3.117101
0.496875 3.117852
0.500000 3.118603
0.503125 3.119355
0.506250 3.120107
0.509375 3.120860
0.512500 3.121613
0.515625 3.122367
0.518750 3.123122
0.521875 3.123877
0.525000 3.124632
0.528125 3.125388
0.531250 3.126144
0.534375 3.126901
0.537500 3.127658
0.540625 3.128416
0.543750 3.129174
0.546875 3.129932
0.550000 3.130691
0.553125 3.131450
0.556250 3.132210
0.559375 3.132970
0.562500 3.133730
0.565625 3.134491
0.568750 3.135252
0.571875 3.136013
0.575000 3.136774
0.578125 3.137536
0.581250 3.138298
0.584375 3.139061
0.587500 3.139824
0.590625 3.140586
0.593750 3.141350
0.596875 3.142113
0.600000 3.142877
0.603125 3.143776
0.606250 3.144677
0.609375 3.145577
0.612500 3.146477
0.615625 3.147378
0.618750 3.148279
0.621875 3.149180
0.625000 3.150081
0.628125 3.150982
0.631250 3.151884
0.634375 3.152786
0.637500 3.153688
0.640625 3.154590
0.643750 3.155492
0.646875 3.156394
0.650000 3.157297
0.653125 3.158199
0.656250 3.159102
0.659375 3.160005
0.662500 3.160908
0.665625 3.161812
0.668750 3.162715
0.671875 3.163619
0.675000 3.164522
0.678125 3.165426
0.681250 3.166330
0.684375 3.167234
0.687500 3.168138
0.690625 3.169043
0.693750 3.169947
0.696875 3.170852
0.700000 3.171756
0.703125 3.172661
0.706250 3.173566
0.709375 3.174471
0.712500 3.175376
0.715625 3.176281
0.718750 3.177186
0.721875 3.178091
0.725000 3.178997
0.728125 3.179902
0.731250 3.180808
0.734375 3.181713
0.737500 3.182619
0.740625 3.183525
0.743750 3.184430
0.746875 3.185336
0.750000 3.186242
0.753125 3.187148
0.756250 3.188054
0.759375 3.188960
0.762500 3.189866
0.765625 3.190772
0.768750 3.191679
0.771875 3.192585
0.775000 3.193491
0.778125 3.194397
0.781250 3.195303
0.784375 3.196210
0.787500 3.197116
0.790625 3.198022
0.793750 3.198929
0.796875 3.199835
0.800000 3.200741
0.803125 3.201664
0.806250 3.202586
0.809375 3.203509
0.812500 3.204432
0.815625 3.205354
0.818750 3.206277
0.821875 3.207200
0.825000 3.208122
0.828125 3.209045
0.831250 3.209967
0.834375 3.210890
0.837500 3.211813
0.840625 3.212735
0.843750 3.213658
0.846875 3.214580
0.850000 3.215503
0.853125 3.216426
0.856250 3.217348
0.859375 3.218271
0.862500 3.219193
0.865625 3.220116
0.868750 3.221039
0.871875 3.221961
0.875000 3.222884
0.878125 3.223807
0.881250 3.224729
0.884375 3.225652
0.887500 3.226574
0.890625 3.227497
0.893750 3.228420
0.896875 3.229342
0.900000 3.230265
0.903125 3.231187
0.906250 3.232110
0.909375 3.233033
0.912500 3.233955
0.915625 3.234878
0.918750 3.235801
0.921875 3.236723
0.925000 3.237646
0.928125 3.238568
0.931250 3.239491
0.934375 3.240414
0.937500 3.241336
0.940625 3.242259
0.943750 3.243181
0.946875 3.244104
0.950000 3.245027
0.953125 3.245949
0.956250 3.246872
0.959375 3.247794
0.962500 3.248717
0.965625 3.249640
0.968750 3.250562
0.971875 3.251485
0.975000 3.252408
0.978125 3.253330
0.981250 3.254253
0.984375 3.255175
0.987500 3.256098
0.990625 3.257021
0.993750 3.257943
0.996875 3.258866
